Train accuracy is:  1.0
Test accuracy is:  0.5378071833648393
Metrics on test set: 


precision :
bach  :  0.6853582554517134
beethoven  :  0.46875
brahms  :  0.4857142857142857
chopin  :  0.3137254901960784
debussy  :  0.8
handel  :  0.49586776859504134
haydn  :  0.6744186046511628
liszt  :  0.5056179775280899
mozart  :  0.46706586826347307
vivaldi  :  0.53125
mendelssohn  :  0.5333333333333333
schubert  :  0.25806451612903225
telemann  :  0.25
hummel  :  0.4583333333333333
dvorak  :  0.3157894736842105


recall :
bach  :  0.7913669064748201
beethoven  :  0.4838709677419355
brahms  :  0.37777777777777777
chopin  :  0.36363636363636365
debussy  :  0.34782608695652173
handel  :  0.5769230769230769
haydn  :  0.3670886075949367
liszt  :  0.7758620689655172
mozart  :  0.5611510791366906
vivaldi  :  0.3333333333333333
mendelssohn  :  0.25
schubert  :  0.22857142857142856
telemann  :  0.045454545454545456
hummel  :  0.39285714285714285
dvorak  :  0.2222222222222222


f1_score :
bach  :  0.7345575959933222
beethoven  :  0.47619047619047616
brahms  :  0.425
chopin  :  0.3368421052631579
debussy  :  0.48484848484848486
handel  :  0.5333333333333333
haydn  :  0.47540983606557374
liszt  :  0.6122448979591837
mozart  :  0.5098039215686274
vivaldi  :  0.40963855421686746
mendelssohn  :  0.3404255319148936
schubert  :  0.24242424242424246
telemann  :  0.07692307692307693
hummel  :  0.4230769230769231
dvorak  :  0.2608695652173913


per-class accuracy :
bach  :  0.7913669064748201
beethoven  :  0.4838709677419355
brahms  :  0.37777777777777777
chopin  :  0.36363636363636365
debussy  :  0.34782608695652173
handel  :  0.5769230769230769
haydn  :  0.3670886075949367
liszt  :  0.7758620689655172
mozart  :  0.5611510791366906
vivaldi  :  0.3333333333333333
mendelssohn  :  0.25
schubert  :  0.22857142857142856
telemann  :  0.045454545454545456
hummel  :  0.39285714285714285
dvorak  :  0.2222222222222222
