Train accuracy is:  0.9990551181102362
Dev accuracy is:  0.5775047258979206
Metrics on dev set: 


precision :
bach  :  0.7168674698795181
beethoven  :  0.4819277108433735
brahms  :  0.4666666666666667
chopin  :  0.5961538461538461
debussy  :  0.6666666666666666
handel  :  0.5573770491803278
haydn  :  0.574468085106383
liszt  :  0.6538461538461539
mozart  :  0.4876847290640394
vivaldi  :  0.5769230769230769
mendelssohn  :  0.2
schubert  :  0.2631578947368421
telemann  :  0.42857142857142855
hummel  :  0.4444444444444444
dvorak  :  0.4


recall :
bach  :  0.8814814814814815
beethoven  :  0.43010752688172044
brahms  :  0.35
chopin  :  0.6078431372549019
debussy  :  0.72
handel  :  0.6476190476190476
haydn  :  0.391304347826087
liszt  :  0.5666666666666667
mozart  :  0.61875
vivaldi  :  0.375
mendelssohn  :  0.07407407407407407
schubert  :  0.25
telemann  :  0.15789473684210525
hummel  :  0.12121212121212122
dvorak  :  0.3076923076923077


f1_score :
bach  :  0.7906976744186047
beethoven  :  0.4545454545454545
brahms  :  0.4
chopin  :  0.6019417475728156
debussy  :  0.6923076923076923
handel  :  0.5991189427312774
haydn  :  0.4655172413793104
liszt  :  0.6071428571428571
mozart  :  0.5454545454545454
vivaldi  :  0.45454545454545453
mendelssohn  :  0.10810810810810811
schubert  :  0.25641025641025644
telemann  :  0.23076923076923078
hummel  :  0.19047619047619047
dvorak  :  0.34782608695652173


per-class accuracy :
bach  :  0.8814814814814815
beethoven  :  0.43010752688172044
brahms  :  0.35
chopin  :  0.6078431372549019
debussy  :  0.72
handel  :  0.6476190476190476
haydn  :  0.391304347826087
liszt  :  0.5666666666666667
mozart  :  0.61875
vivaldi  :  0.375
mendelssohn  :  0.07407407407407407
schubert  :  0.25
telemann  :  0.15789473684210525
hummel  :  0.12121212121212122
dvorak  :  0.3076923076923077
