Train accuracy is:  0.9990551181102362
Test accuracy is:  0.5831758034026465
Metrics on test set: 


precision :
bach  :  0.7155425219941349
beethoven  :  0.5641025641025641
brahms  :  0.391304347826087
chopin  :  0.7083333333333334
debussy  :  0.64
handel  :  0.5702479338842975
haydn  :  0.5384615384615384
liszt  :  0.5180722891566265
mozart  :  0.4689265536723164
vivaldi  :  0.7666666666666667
mendelssohn  :  0.34782608695652173
schubert  :  0.27586206896551724
telemann  :  0.5
hummel  :  0.4166666666666667
dvorak  :  0.47368421052631576


recall :
bach  :  0.8776978417266187
beethoven  :  0.4731182795698925
brahms  :  0.2
chopin  :  0.38636363636363635
debussy  :  0.6956521739130435
handel  :  0.6634615384615384
haydn  :  0.4430379746835443
liszt  :  0.7413793103448276
mozart  :  0.5971223021582733
vivaldi  :  0.45098039215686275
mendelssohn  :  0.25
schubert  :  0.22857142857142856
telemann  :  0.18181818181818182
hummel  :  0.17857142857142858
dvorak  :  0.3333333333333333


f1_score :
bach  :  0.788368336025848
beethoven  :  0.5146198830409358
brahms  :  0.2647058823529412
chopin  :  0.5
debussy  :  0.6666666666666666
handel  :  0.6133333333333333
haydn  :  0.48611111111111105
liszt  :  0.6099290780141845
mozart  :  0.5253164556962024
vivaldi  :  0.5679012345679013
mendelssohn  :  0.2909090909090909
schubert  :  0.25
telemann  :  0.26666666666666666
hummel  :  0.25
dvorak  :  0.391304347826087


per-class accuracy :
bach  :  0.8776978417266187
beethoven  :  0.4731182795698925
brahms  :  0.2
chopin  :  0.38636363636363635
debussy  :  0.6956521739130435
handel  :  0.6634615384615384
haydn  :  0.4430379746835443
liszt  :  0.7413793103448276
mozart  :  0.5971223021582733
vivaldi  :  0.45098039215686275
mendelssohn  :  0.25
schubert  :  0.22857142857142856
telemann  :  0.18181818181818182
hummel  :  0.17857142857142858
dvorak  :  0.3333333333333333
