Train accuracy is:  1.0
Test accuracy is:  0.4924385633270321
Metrics on test set: 


precision :
bach  :  0.6778115501519757
beethoven  :  0.33064516129032256
brahms  :  0.32432432432432434
chopin  :  0.46808510638297873
debussy  :  0.5625
handel  :  0.48598130841121495
haydn  :  0.4722222222222222
liszt  :  0.4931506849315068
mozart  :  0.40236686390532544
vivaldi  :  0.4482758620689655
mendelssohn  :  0.2
schubert  :  0.2702702702702703
telemann  :  1.0
hummel  :  0.2857142857142857
dvorak  :  0.4090909090909091


recall :
bach  :  0.802158273381295
beethoven  :  0.44086021505376344
brahms  :  0.26666666666666666
chopin  :  0.5
debussy  :  0.391304347826087
handel  :  0.5
haydn  :  0.21518987341772153
liszt  :  0.6206896551724138
mozart  :  0.4892086330935252
vivaldi  :  0.2549019607843137
mendelssohn  :  0.0625
schubert  :  0.2857142857142857
telemann  :  0.045454545454545456
hummel  :  0.21428571428571427
dvorak  :  0.3333333333333333


f1_score :
bach  :  0.7347611202635915
beethoven  :  0.37788018433179726
brahms  :  0.29268292682926833
chopin  :  0.4835164835164835
debussy  :  0.46153846153846156
handel  :  0.4928909952606635
haydn  :  0.29565217391304344
liszt  :  0.5496183206106869
mozart  :  0.4415584415584416
vivaldi  :  0.325
mendelssohn  :  0.09523809523809523
schubert  :  0.2777777777777778
telemann  :  0.08695652173913045
hummel  :  0.24489795918367344
dvorak  :  0.36734693877551017


per-class accuracy :
bach  :  0.802158273381295
beethoven  :  0.44086021505376344
brahms  :  0.26666666666666666
chopin  :  0.5
debussy  :  0.391304347826087
handel  :  0.5
haydn  :  0.21518987341772153
liszt  :  0.6206896551724138
mozart  :  0.4892086330935252
vivaldi  :  0.2549019607843137
mendelssohn  :  0.0625
schubert  :  0.2857142857142857
telemann  :  0.045454545454545456
hummel  :  0.21428571428571427
dvorak  :  0.3333333333333333
