Train accuracy is:  1.0
Dev accuracy is:  0.46975425330812853
Metrics on dev set: 


precision :
bach  :  0.6134453781512605
beethoven  :  0.323943661971831
brahms  :  0.23333333333333334
chopin  :  0.5606060606060606
debussy  :  0.75
handel  :  0.4117647058823529
haydn  :  0.2727272727272727
liszt  :  0.6031746031746031
mozart  :  0.38953488372093026
vivaldi  :  0.3888888888888889
mendelssohn  :  0.15
schubert  :  0.3191489361702128
telemann  :  0.0
hummel  :  0.5294117647058824
dvorak  :  0.09523809523809523


recall :
bach  :  0.8111111111111111
beethoven  :  0.24731182795698925
brahms  :  0.175
chopin  :  0.7254901960784313
debussy  :  0.36
handel  :  0.4666666666666667
haydn  :  0.17391304347826086
liszt  :  0.6333333333333333
mozart  :  0.41875
vivaldi  :  0.175
mendelssohn  :  0.1111111111111111
schubert  :  0.375
telemann  :  0.0
hummel  :  0.2727272727272727
dvorak  :  0.07692307692307693


f1_score :
bach  :  0.6985645933014354
beethoven  :  0.28048780487804875
brahms  :  0.2
chopin  :  0.6324786324786323
debussy  :  0.48648648648648657
handel  :  0.43749999999999994
haydn  :  0.21238938053097345
liszt  :  0.6178861788617885
mozart  :  0.4036144578313253
vivaldi  :  0.24137931034482757
mendelssohn  :  0.12765957446808512
schubert  :  0.3448275862068966
telemann  :  0.0
hummel  :  0.36
dvorak  :  0.0851063829787234


per-class accuracy :
bach  :  0.8111111111111111
beethoven  :  0.24731182795698925
brahms  :  0.175
chopin  :  0.7254901960784313
debussy  :  0.36
handel  :  0.4666666666666667
haydn  :  0.17391304347826086
liszt  :  0.6333333333333333
mozart  :  0.41875
vivaldi  :  0.175
mendelssohn  :  0.1111111111111111
schubert  :  0.375
telemann  :  0.0
hummel  :  0.2727272727272727
dvorak  :  0.07692307692307693
