Train accuracy is:  1.0
Test accuracy is:  0.7911153119092628
Metrics on test set: 


precision :
bach  :  0.7740112994350282
beethoven  :  0.74
brahms  :  0.7647058823529411
chopin  :  0.6888888888888889
debussy  :  0.85
handel  :  0.8210526315789474
haydn  :  0.8596491228070176
liszt  :  0.8727272727272727
mozart  :  0.7619047619047619
vivaldi  :  0.813953488372093
mendelssohn  :  0.8214285714285714
schubert  :  0.7647058823529411
telemann  :  1.0
hummel  :  0.92
dvorak  :  1.0


recall :
bach  :  0.9856115107913669
beethoven  :  0.7956989247311828
brahms  :  0.5777777777777777
chopin  :  0.7045454545454546
debussy  :  0.7391304347826086
handel  :  0.75
haydn  :  0.620253164556962
liszt  :  0.8275862068965517
mozart  :  0.8057553956834532
vivaldi  :  0.6862745098039216
mendelssohn  :  0.71875
schubert  :  0.7428571428571429
telemann  :  0.18181818181818182
hummel  :  0.8214285714285714
dvorak  :  0.6296296296296297


f1_score :
bach  :  0.8670886075949367
beethoven  :  0.7668393782383419
brahms  :  0.6582278481012658
chopin  :  0.6966292134831461
debussy  :  0.7906976744186046
handel  :  0.7839195979899498
haydn  :  0.7205882352941176
liszt  :  0.8495575221238938
mozart  :  0.7832167832167832
vivaldi  :  0.7446808510638299
mendelssohn  :  0.7666666666666666
schubert  :  0.7536231884057971
telemann  :  0.3076923076923077
hummel  :  0.8679245283018867
dvorak  :  0.7727272727272727


per-class accuracy :
bach  :  0.9856115107913669
beethoven  :  0.7956989247311828
brahms  :  0.5777777777777777
chopin  :  0.7045454545454546
debussy  :  0.7391304347826086
handel  :  0.75
haydn  :  0.620253164556962
liszt  :  0.8275862068965517
mozart  :  0.8057553956834532
vivaldi  :  0.6862745098039216
mendelssohn  :  0.71875
schubert  :  0.7428571428571429
telemann  :  0.18181818181818182
hummel  :  0.8214285714285714
dvorak  :  0.6296296296296297
