Train accuracy is:  1.0
Dev accuracy is:  0.7939508506616257
Metrics on dev set: 


precision :
bach  :  0.8105590062111802
beethoven  :  0.7065217391304348
brahms  :  0.8285714285714286
chopin  :  0.8148148148148148
debussy  :  0.9047619047619048
handel  :  0.803921568627451
haydn  :  0.8421052631578947
liszt  :  0.9090909090909091
mozart  :  0.7135135135135136
vivaldi  :  0.8823529411764706
mendelssohn  :  0.7894736842105263
schubert  :  0.6410256410256411
telemann  :  1.0
hummel  :  0.9615384615384616
dvorak  :  0.85


recall :
bach  :  0.9666666666666667
beethoven  :  0.6989247311827957
brahms  :  0.725
chopin  :  0.8627450980392157
debussy  :  0.76
handel  :  0.780952380952381
haydn  :  0.6956521739130435
liszt  :  0.6666666666666666
mozart  :  0.825
vivaldi  :  0.75
mendelssohn  :  0.5555555555555556
schubert  :  0.625
telemann  :  0.42105263157894735
hummel  :  0.7575757575757576
dvorak  :  0.6538461538461539


f1_score :
bach  :  0.8817567567567567
beethoven  :  0.7027027027027027
brahms  :  0.7733333333333333
chopin  :  0.838095238095238
debussy  :  0.8260869565217391
handel  :  0.7922705314009661
haydn  :  0.761904761904762
liszt  :  0.7692307692307692
mozart  :  0.7652173913043478
vivaldi  :  0.8108108108108107
mendelssohn  :  0.6521739130434783
schubert  :  0.6329113924050633
telemann  :  0.5925925925925926
hummel  :  0.8474576271186441
dvorak  :  0.7391304347826088


per-class accuracy :
bach  :  0.9666666666666667
beethoven  :  0.6989247311827957
brahms  :  0.725
chopin  :  0.8627450980392157
debussy  :  0.76
handel  :  0.780952380952381
haydn  :  0.6956521739130435
liszt  :  0.6666666666666666
mozart  :  0.825
vivaldi  :  0.75
mendelssohn  :  0.5555555555555556
schubert  :  0.625
telemann  :  0.42105263157894735
hummel  :  0.7575757575757576
dvorak  :  0.6538461538461539
