knn on all composers:

Train Accuracy:  0.647763074984247
Dev Accuracy:  0.5746691871455577
Metrics on dev set: 


precision :
bach  :  0.6978193146417445
beethoven  :  0.4180327868852459
brahms  :  0.5
chopin  :  0.5098039215686274
debussy  :  0.5
handel  :  0.6
haydn  :  0.46601941747572817
liszt  :  0.7142857142857143
mozart  :  0.45588235294117646
vivaldi  :  0.9090909090909091
mendelssohn  :  0.6666666666666666
schubert  :  0.4444444444444444
telemann  :  1.0
hummel  :  0.6521739130434783
dvorak  :  0.7272727272727273


recall :
bach  :  0.8057553956834532
beethoven  :  0.5483870967741935
brahms  :  0.24444444444444444
chopin  :  0.5909090909090909
debussy  :  0.043478260869565216
handel  :  0.5480769230769231
haydn  :  0.6075949367088608
liszt  :  0.603448275862069
mozart  :  0.6690647482014388
vivaldi  :  0.39215686274509803
mendelssohn  :  0.25
schubert  :  0.22857142857142856
telemann  :  0.13636363636363635
hummel  :  0.5357142857142857
dvorak  :  0.2962962962962963


f1_score :
bach  :  0.7479131886477463
beethoven  :  0.4744186046511628
brahms  :  0.3283582089552239
chopin  :  0.5473684210526317
debussy  :  0.08
handel  :  0.5728643216080402
haydn  :  0.5274725274725275
liszt  :  0.6542056074766354
mozart  :  0.542274052478134
vivaldi  :  0.547945205479452
mendelssohn  :  0.36363636363636365
schubert  :  0.3018867924528302
telemann  :  0.24000000000000002
hummel  :  0.5882352941176471
dvorak  :  0.42105263157894735


per-class accuracy :
bach  :  0.8057553956834532
beethoven  :  0.5483870967741935
brahms  :  0.24444444444444444
chopin  :  0.5909090909090909
debussy  :  0.043478260869565216
handel  :  0.5480769230769231
haydn  :  0.6075949367088608
liszt  :  0.603448275862069
mozart  :  0.6690647482014388
vivaldi  :  0.39215686274509803
mendelssohn  :  0.25
schubert  :  0.22857142857142856
telemann  :  0.13636363636363635
hummel  :  0.5357142857142857
dvorak  :  0.2962962962962963