LDA on all composers:

Train Accuracy:  0.8853182104599874
Dev Accuracy:  0.7041587901701323
Metrics on dev set: 


precision :
bach  :  0.8467153284671532
beethoven  :  0.5377358490566038
brahms  :  0.6923076923076923
chopin  :  0.7358490566037735
debussy  :  1.0
handel  :  0.7064220183486238
haydn  :  0.5783132530120482
liszt  :  0.8372093023255814
mozart  :  0.6923076923076923
vivaldi  :  0.7317073170731707
mendelssohn  :  0.75
schubert  :  0.47058823529411764
telemann  :  0.5882352941176471
hummel  :  0.5757575757575758
dvorak  :  0.47368421052631576


recall :
bach  :  0.8592592592592593
beethoven  :  0.6129032258064516
brahms  :  0.675
chopin  :  0.7647058823529411
debussy  :  0.56
handel  :  0.7333333333333333
haydn  :  0.6956521739130435
liszt  :  0.6
mozart  :  0.675
vivaldi  :  0.75
mendelssohn  :  0.5555555555555556
schubert  :  0.6
telemann  :  0.5263157894736842
hummel  :  0.5757575757575758
dvorak  :  0.34615384615384615


f1_score :
bach  :  0.8529411764705882
beethoven  :  0.5728643216080402
brahms  :  0.6835443037974683
chopin  :  0.7499999999999999
debussy  :  0.717948717948718
handel  :  0.7196261682242989
haydn  :  0.631578947368421
liszt  :  0.6990291262135923
mozart  :  0.6835443037974683
vivaldi  :  0.7407407407407408
mendelssohn  :  0.6382978723404256
schubert  :  0.5274725274725275
telemann  :  0.5555555555555555
hummel  :  0.5757575757575758
dvorak  :  0.39999999999999997


per-class accuracy :
bach  :  0.8592592592592593
beethoven  :  0.6129032258064516
brahms  :  0.675
chopin  :  0.7647058823529411
debussy  :  0.56
handel  :  0.7333333333333333
haydn  :  0.6956521739130435
liszt  :  0.6
mozart  :  0.675
vivaldi  :  0.75
mendelssohn  :  0.5555555555555556
schubert  :  0.6
telemann  :  0.5263157894736842
hummel  :  0.5757575757575758
dvorak  :  0.34615384615384615
