LDA on all composers:

Train Accuracy:  0.8853182104599874
Dev Accuracy:  0.7069943289224953
Metrics on dev set: 


precision :
bach  :  0.8551236749116607
beethoven  :  0.5980392156862745
brahms  :  0.5531914893617021
chopin  :  0.7878787878787878
debussy  :  0.9285714285714286
handel  :  0.6637168141592921
haydn  :  0.6235294117647059
liszt  :  0.8214285714285714
mozart  :  0.7111111111111111
vivaldi  :  0.7555555555555555
mendelssohn  :  0.5666666666666667
schubert  :  0.4166666666666667
telemann  :  0.3888888888888889
hummel  :  0.7222222222222222
dvorak  :  0.7368421052631579


recall :
bach  :  0.8705035971223022
beethoven  :  0.6559139784946236
brahms  :  0.5777777777777777
chopin  :  0.5909090909090909
debussy  :  0.5652173913043478
handel  :  0.7211538461538461
haydn  :  0.6708860759493671
liszt  :  0.7931034482758621
mozart  :  0.6906474820143885
vivaldi  :  0.6666666666666666
mendelssohn  :  0.53125
schubert  :  0.7142857142857143
telemann  :  0.3181818181818182
hummel  :  0.4642857142857143
dvorak  :  0.5185185185185185


f1_score :
bach  :  0.8627450980392156
beethoven  :  0.6256410256410256
brahms  :  0.5652173913043478
chopin  :  0.6753246753246752
debussy  :  0.7027027027027025
handel  :  0.6912442396313364
haydn  :  0.6463414634146342
liszt  :  0.8070175438596492
mozart  :  0.7007299270072993
vivaldi  :  0.7083333333333334
mendelssohn  :  0.5483870967741935
schubert  :  0.5263157894736842
telemann  :  0.35000000000000003
hummel  :  0.5652173913043479
dvorak  :  0.6086956521739131


per-class accuracy :
bach  :  0.8705035971223022
beethoven  :  0.6559139784946236
brahms  :  0.5777777777777777
chopin  :  0.5909090909090909
debussy  :  0.5652173913043478
handel  :  0.7211538461538461
haydn  :  0.6708860759493671
liszt  :  0.7931034482758621
mozart  :  0.6906474820143885
vivaldi  :  0.6666666666666666
mendelssohn  :  0.53125
schubert  :  0.7142857142857143
telemann  :  0.3181818181818182
hummel  :  0.4642857142857143
dvorak  :  0.5185185185185185