Softmax on all composers:

Train Accuracy:  0.9902331442974165
Dev Accuracy:  0.7429111531190926
Metrics on dev set: 


precision :
bach  :  0.8388157894736842
beethoven  :  0.6736842105263158
brahms  :  0.6341463414634146
chopin  :  0.8235294117647058
debussy  :  0.85
handel  :  0.6972477064220184
haydn  :  0.6794871794871795
liszt  :  0.8166666666666667
mozart  :  0.7058823529411765
vivaldi  :  0.8648648648648649
mendelssohn  :  0.6551724137931034
schubert  :  0.46511627906976744
telemann  :  0.6153846153846154
hummel  :  0.85
dvorak  :  0.6363636363636364


recall :
bach  :  0.9172661870503597
beethoven  :  0.6881720430107527
brahms  :  0.5777777777777777
chopin  :  0.6363636363636364
debussy  :  0.7391304347826086
handel  :  0.7307692307692307
haydn  :  0.6708860759493671
liszt  :  0.8448275862068966
mozart  :  0.7769784172661871
vivaldi  :  0.6274509803921569
mendelssohn  :  0.59375
schubert  :  0.5714285714285714
telemann  :  0.36363636363636365
hummel  :  0.6071428571428571
dvorak  :  0.5185185185185185


f1_score :
bach  :  0.8762886597938143
beethoven  :  0.6808510638297872
brahms  :  0.6046511627906976
chopin  :  0.717948717948718
debussy  :  0.7906976744186046
handel  :  0.7136150234741785
haydn  :  0.6751592356687899
liszt  :  0.8305084745762712
mozart  :  0.7397260273972602
vivaldi  :  0.7272727272727273
mendelssohn  :  0.6229508196721311
schubert  :  0.5128205128205128
telemann  :  0.4571428571428572
hummel  :  0.7083333333333333
dvorak  :  0.5714285714285714


per-class accuracy :
bach  :  0.9172661870503597
beethoven  :  0.6881720430107527
brahms  :  0.5777777777777777
chopin  :  0.6363636363636364
debussy  :  0.7391304347826086
handel  :  0.7307692307692307
haydn  :  0.6708860759493671
liszt  :  0.8448275862068966
mozart  :  0.7769784172661871
vivaldi  :  0.6274509803921569
mendelssohn  :  0.59375
schubert  :  0.5714285714285714
telemann  :  0.36363636363636365
hummel  :  0.6071428571428571
dvorak  :  0.5185185185185185