SVM 1v1 on all composers:
Train Accuracy:  0.999054820415879
Dev Accuracy:  0.7344045368620038
Metrics on dev set: 


precision :
bach  :  0.7272727272727273
beethoven  :  0.6363636363636364
brahms  :  0.6388888888888888
chopin  :  0.7666666666666667
debussy  :  0.8421052631578947
handel  :  0.7676767676767676
haydn  :  0.7536231884057971
liszt  :  0.8181818181818182
mozart  :  0.7062937062937062
vivaldi  :  0.8974358974358975
mendelssohn  :  0.7619047619047619
schubert  :  0.631578947368421
telemann  :  0.8888888888888888
hummel  :  0.8421052631578947
dvorak  :  0.7894736842105263


recall :
bach  :  0.9496402877697842
beethoven  :  0.6774193548387096
brahms  :  0.5111111111111111
chopin  :  0.5227272727272727
debussy  :  0.6956521739130435
handel  :  0.7307692307692307
haydn  :  0.6582278481012658
liszt  :  0.7758620689655172
mozart  :  0.7266187050359713
vivaldi  :  0.6862745098039216
mendelssohn  :  0.5
schubert  :  0.6857142857142857
telemann  :  0.36363636363636365
hummel  :  0.5714285714285714
dvorak  :  0.5555555555555556


f1_score :
bach  :  0.8237129485179407
beethoven  :  0.65625
brahms  :  0.5679012345679012
chopin  :  0.6216216216216216
debussy  :  0.761904761904762
handel  :  0.7487684729064039
haydn  :  0.7027027027027026
liszt  :  0.7964601769911505
mozart  :  0.7163120567375887
vivaldi  :  0.7777777777777778
mendelssohn  :  0.6037735849056604
schubert  :  0.6575342465753424
telemann  :  0.5161290322580644
hummel  :  0.6808510638297872
dvorak  :  0.6521739130434783


per-class accuracy :
bach  :  0.9496402877697842
beethoven  :  0.6774193548387096
brahms  :  0.5111111111111111
chopin  :  0.5227272727272727
debussy  :  0.6956521739130435
handel  :  0.7307692307692307
haydn  :  0.6582278481012658
liszt  :  0.7758620689655172
mozart  :  0.7266187050359713
vivaldi  :  0.6862745098039216
mendelssohn  :  0.5
schubert  :  0.6857142857142857
telemann  :  0.36363636363636365
hummel  :  0.5714285714285714
dvorak  :  0.5555555555555556