Train accuracy is:  1.0
Test accuracy is:  0.5151228733459358
Metrics on test set: 


precision :
bach  :  0.4557823129251701
beethoven  :  0.45054945054945056
brahms  :  0.4375
chopin  :  0.6551724137931034
debussy  :  0.6875
handel  :  0.6271186440677966
haydn  :  0.6046511627906976
liszt  :  0.6857142857142857
mozart  :  0.6774193548387096
vivaldi  :  0.45
mendelssohn  :  0.5
schubert  :  0.26666666666666666
telemann  :  0.6666666666666666
hummel  :  0.7894736842105263
dvorak  :  0.6666666666666666


recall :
bach  :  0.9640287769784173
beethoven  :  0.44086021505376344
brahms  :  0.15555555555555556
chopin  :  0.4318181818181818
debussy  :  0.4782608695652174
handel  :  0.3557692307692308
haydn  :  0.3291139240506329
liszt  :  0.8275862068965517
mozart  :  0.302158273381295
vivaldi  :  0.17647058823529413
mendelssohn  :  0.1875
schubert  :  0.11428571428571428
telemann  :  0.09090909090909091
hummel  :  0.5357142857142857
dvorak  :  0.37037037037037035


f1_score :
bach  :  0.6189376443418013
beethoven  :  0.44565217391304346
brahms  :  0.2295081967213115
chopin  :  0.5205479452054794
debussy  :  0.5641025641025642
handel  :  0.45398773006134974
haydn  :  0.4262295081967213
liszt  :  0.75
mozart  :  0.417910447761194
vivaldi  :  0.25352112676056343
mendelssohn  :  0.2727272727272727
schubert  :  0.16
telemann  :  0.16
hummel  :  0.6382978723404255
dvorak  :  0.47619047619047616


per-class accuracy :
bach  :  0.9640287769784173
beethoven  :  0.44086021505376344
brahms  :  0.15555555555555556
chopin  :  0.4318181818181818
debussy  :  0.4782608695652174
handel  :  0.3557692307692308
haydn  :  0.3291139240506329
liszt  :  0.8275862068965517
mozart  :  0.302158273381295
vivaldi  :  0.17647058823529413
mendelssohn  :  0.1875
schubert  :  0.11428571428571428
telemann  :  0.09090909090909091
hummel  :  0.5357142857142857
dvorak  :  0.37037037037037035
