Train accuracy is:  1.0
Dev accuracy is:  0.45179584120982985
Metrics on dev set: 


precision :
bach  :  0.43686006825938567
beethoven  :  0.3835616438356164
brahms  :  0.46153846153846156
chopin  :  0.8571428571428571
debussy  :  1.0
handel  :  0.48
haydn  :  0.5094339622641509
liszt  :  0.6595744680851063
mozart  :  0.6363636363636364
vivaldi  :  0.1917808219178082
mendelssohn  :  0.16666666666666666
schubert  :  0.5714285714285714
telemann  :  1.0
hummel  :  0.8636363636363636
dvorak  :  0.21428571428571427


recall :
bach  :  0.9481481481481482
beethoven  :  0.3010752688172043
brahms  :  0.15
chopin  :  0.11764705882352941
debussy  :  0.04
handel  :  0.34285714285714286
haydn  :  0.391304347826087
liszt  :  0.5166666666666667
mozart  :  0.2625
vivaldi  :  0.35
mendelssohn  :  0.037037037037037035
schubert  :  0.1
telemann  :  0.05263157894736842
hummel  :  0.5757575757575758
dvorak  :  0.23076923076923078


f1_score :
bach  :  0.5981308411214954
beethoven  :  0.3373493975903615
brahms  :  0.22641509433962265
chopin  :  0.2068965517241379
debussy  :  0.07692307692307693
handel  :  0.39999999999999997
haydn  :  0.44262295081967207
liszt  :  0.5794392523364487
mozart  :  0.3716814159292035
vivaldi  :  0.247787610619469
mendelssohn  :  0.06060606060606061
schubert  :  0.1702127659574468
telemann  :  0.1
hummel  :  0.6909090909090909
dvorak  :  0.22222222222222224


per-class accuracy :
bach  :  0.9481481481481482
beethoven  :  0.3010752688172043
brahms  :  0.15
chopin  :  0.11764705882352941
debussy  :  0.04
handel  :  0.34285714285714286
haydn  :  0.391304347826087
liszt  :  0.5166666666666667
mozart  :  0.2625
vivaldi  :  0.35
mendelssohn  :  0.037037037037037035
schubert  :  0.1
telemann  :  0.05263157894736842
hummel  :  0.5757575757575758
dvorak  :  0.23076923076923078
